2024-02-03 06:59:28,577 - 127.0.0.1 GET /
2024-02-03 06:59:28,586 - 127.0.0.1 GET /home
2024-02-03 06:59:28,624 - 127.0.0.1 GET /static/loader.css
2024-02-03 06:59:28,625 - 127.0.0.1 GET /static/home.css
2024-02-03 06:59:28,627 - 127.0.0.1 GET /static/spinner.css
2024-02-03 06:59:28,627 - 127.0.0.1 GET /static/home.js
2024-02-03 06:59:29,369 - 127.0.0.1 POST /api/user
2024-02-03 06:59:29,371 - 127.0.0.1 GET /favicon.ico
2024-02-03 06:59:31,377 - 127.0.0.1 POST /api/refresh
2024-02-03 06:59:31,384 - 127.0.0.1 GET /login
2024-02-03 06:59:31,406 - 127.0.0.1 GET /login
2024-02-03 06:59:31,441 - 127.0.0.1 GET /static/auth.css
2024-02-03 06:59:31,441 - 127.0.0.1 GET /static/wide.svg
2024-02-03 06:59:31,442 - 127.0.0.1 GET /static/login.js
